
Processing IPcompare.C+-...
 PARAMETER DEFINITIONS:
    NO.   NAME         VALUE      STEP SIZE      LIMITS
     1 SF_frac_l    1.00000e+00  1.00000e-01     no limits
     2 SF_frac_c    1.00000e+00  1.00000e-01     no limits
     3 SF_frac_b    1.00000e+00  1.00000e-01     no limits
     4 SFl_bin_0    1.00000e+00  1.00000e-01     no limits
     5 SFl_bin_1    1.00000e+00  1.00000e-01     no limits
 **********
 **    1 **MIGRAD
 **********
 FIRST CALL TO USER FUNCTION AT NEW START POINT, WITH IFLAG=4.
 START MIGRAD MINIMIZATION.  STRATEGY  1.  CONVERGENCE WHEN EDM .LT. 1.00e-04
 FCN=-2.87909e+08 FROM MIGRAD    STATUS=INITIATE       26 CALLS          27 TOTAL
                     EDM= unknown      STRATEGY= 1      NO ERROR MATRIX       
  EXT PARAMETER               CURRENT GUESS       STEP         FIRST   
  NO.   NAME      VALUE            ERROR          SIZE      DERIVATIVE 
   1  SF_frac_l    1.00000e+00   1.00000e-01   1.00000e-01   1.66729e+05
   2  SF_frac_c    1.00000e+00   1.00000e-01   1.00000e-01  -4.56474e+04
   3  SF_frac_b    1.00000e+00   1.00000e-01   1.00000e-01  -6.55569e+04
   4  SFl_bin_0    1.00000e+00   1.00000e-01   1.00000e-01   4.57371e+05
   5  SFl_bin_1    1.00000e+00   1.00000e-01   1.00000e-01   2.69019e+04
 MIGRAD FAILS TO FIND IMPROVEMENT
 MACHINE ACCURACY LIMITS FURTHER IMPROVEMENT.
 MIGRAD MINIMIZATION HAS CONVERGED.
 MIGRAD WILL VERIFY CONVERGENCE AND ERROR MATRIX.
 COVARIANCE MATRIX CALCULATED SUCCESSFULLY
 FCN=-2.87944e+08 FROM HESSE     STATUS=OK             41 CALLS         177 TOTAL
                     EDM=0.000923412    STRATEGY= 1      ERROR MATRIX ACCURATE 
  EXT PARAMETER                                   STEP         FIRST   
  NO.   NAME      VALUE            ERROR          SIZE      DERIVATIVE 
   1  SF_frac_l    9.84944e-01   1.61424e-03   2.92862e-03   1.94015e+01
   2  SF_frac_c    1.58480e+00   1.27574e-02   3.05722e-02   2.19037e+00
   3  SF_frac_b    1.13956e+00   6.84713e-03   3.34063e-02   6.39614e+00
   4  SFl_bin_0    9.28224e-01   1.11779e-03   3.99953e-03   8.31926e+01
   5  SFl_bin_1    9.70055e-01   1.18309e-03   5.42980e-03  -3.34291e+01
 EIGENVALUES OF SECOND-DERIVATIVE MATRIX:
        -5.9937e-04  8.0008e-02  2.4623e-01  3.5278e-01  4.3216e+00
 MINUIT WARNING IN MIGRAD  
 ============== MATRIX FORCED POS-DEF BY ADDING 0.004921 TO DIAGONAL.
 MIGRAD FAILS TO FIND IMPROVEMENT
 MIGRAD MINIMIZATION HAS CONVERGED.
 MIGRAD WILL VERIFY CONVERGENCE AND ERROR MATRIX.
 COVARIANCE MATRIX CALCULATED SUCCESSFULLY
 FCN=-2.87944e+08 FROM MIGRAD    STATUS=CONVERGED     277 CALLS         278 TOTAL
                     EDM=1.26047e-07    STRATEGY= 1      ERROR MATRIX ACCURATE 
  EXT PARAMETER                                   STEP         FIRST   
  NO.   NAME      VALUE            ERROR          SIZE      DERIVATIVE 
   1  SF_frac_l    9.84959e-01   1.61418e-03   2.92865e-03   3.70920e-01
   2  SF_frac_c    1.58477e+00   1.27570e-02   3.05722e-02   1.13810e-02
   3  SF_frac_b    1.13949e+00   6.84692e-03   3.34062e-02   3.94763e-02
   4  SFl_bin_0    9.28202e-01   1.11769e-03   3.99941e-03   1.16433e-01
   5  SFl_bin_1    9.70051e-01   1.18306e-03   5.42977e-03   6.42177e-02
 EXTERNAL ERROR MATRIX.    NDIM=  25    NPAR=  5    ERR DEF=1
  2.606e-06 -1.803e-05  6.127e-06 -1.555e-06 -1.486e-06 
 -1.803e-05  1.627e-04 -6.711e-05  8.941e-06  8.143e-06 
  6.127e-06 -6.711e-05  4.688e-05 -2.586e-06 -2.303e-06 
 -1.555e-06  8.941e-06 -2.586e-06  1.249e-06  9.907e-07 
 -1.486e-06  8.143e-06 -2.303e-06  9.907e-07  1.400e-06 
 PARAMETER  CORRELATION COEFFICIENTS  
       NO.  GLOBAL      1      2      3      4      5
        1  0.97573   1.000 -0.876  0.554 -0.862 -0.778
        2  0.95726  -0.876  1.000 -0.768  0.627  0.540
        3  0.80824   0.554 -0.768  1.000 -0.338 -0.284
        4  0.90194  -0.862  0.627 -0.338  1.000  0.749
        5  0.83257  -0.778  0.540 -0.284  0.749  1.000
0: 0.984959
1: 1.58477
2: 1.13949
 PARAMETER DEFINITIONS:
    NO.   NAME         VALUE      STEP SIZE      LIMITS
     1 SF_frac_l    1.00000e+00  1.00000e-01     no limits
     2 SF_frac_c    1.00000e+00  1.00000e-01     no limits
     3 SF_frac_b    1.00000e+00  1.00000e-01     no limits
     4 SFl_bin_0    1.00000e+00  1.00000e-01     no limits
     5 SFl_bin_1    1.00000e+00  1.00000e-01     no limits
 **********
 **    1 **MIGRAD
 **********
 FIRST CALL TO USER FUNCTION AT NEW START POINT, WITH IFLAG=4.
 START MIGRAD MINIMIZATION.  STRATEGY  1.  CONVERGENCE WHEN EDM .LT. 1.00e-04
 FCN=-2.88225e+08 FROM MIGRAD    STATUS=INITIATE       22 CALLS          23 TOTAL
                     EDM= unknown      STRATEGY= 1      NO ERROR MATRIX       
  EXT PARAMETER               CURRENT GUESS       STEP         FIRST   
  NO.   NAME      VALUE            ERROR          SIZE      DERIVATIVE 
   1  SF_frac_l    1.00000e+00   1.00000e-01   1.00000e-01   1.54200e+05
   2  SF_frac_c    1.00000e+00   1.00000e-01   1.00000e-01  -5.97565e+04
   3  SF_frac_b    1.00000e+00   1.00000e-01   1.00000e-01  -7.57780e+04
   4  SFl_bin_0    1.00000e+00   1.00000e-01   1.00000e-01  -3.86520e+04
   5  SFl_bin_1    1.00000e+00   1.00000e-01   1.00000e-01   1.87275e+05
 MIGRAD FAILS TO FIND IMPROVEMENT
 MACHINE ACCURACY LIMITS FURTHER IMPROVEMENT.
 MIGRAD MINIMIZATION HAS CONVERGED.
 FCN=-2.88264e+08 FROM MIGRAD    STATUS=CONVERGED     156 CALLS         157 TOTAL
                     EDM=0.000165129    STRATEGY= 1  ERROR MATRIX UNCERTAINTY   1.0 per cent
  EXT PARAMETER                                   STEP         FIRST   
  NO.   NAME      VALUE            ERROR          SIZE      DERIVATIVE 
   1  SF_frac_l    9.32091e-01   6.71665e-04   0.00000e+00   3.21878e-01
   2  SF_frac_c    1.78946e+00   8.53299e-03   0.00000e+00  -1.42523e+00
   3  SF_frac_b    1.13337e+00   6.77734e-03  -0.00000e+00  -1.39216e+00
   4  SFl_bin_0    1.17345e+00   3.67707e-03   0.00000e+00  -3.91761e+00
   5  SFl_bin_1    9.54777e-01   1.04005e-03  -0.00000e+00   2.05169e+01
 EXTERNAL ERROR MATRIX.    NDIM=  25    NPAR=  5    ERR DEF=1
  4.511e-07 -4.670e-06  2.247e-06 -4.279e-07 -2.646e-07 
 -4.670e-06  7.281e-05 -4.313e-05  5.170e-06  1.806e-06 
  2.247e-06 -4.313e-05  4.593e-05 -5.687e-06 -6.194e-07 
 -4.279e-07  5.170e-06 -5.687e-06  1.352e-05  1.897e-07 
 -2.646e-07  1.806e-06 -6.194e-07  1.897e-07  1.082e-06 
 PARAMETER  CORRELATION COEFFICIENTS  
       NO.  GLOBAL      1      2      3      4      5
        1  0.85890   1.000 -0.815  0.494 -0.173 -0.379
        2  0.90887  -0.815  1.000 -0.746  0.165  0.203
        3  0.78065   0.494 -0.746  1.000 -0.228 -0.088
        4  0.25789  -0.173  0.165 -0.228  1.000  0.050
        5  0.42028  -0.379  0.203 -0.088  0.050  1.000
0: 0.932091
1: 1.78946
2: 1.13337
 PARAMETER DEFINITIONS:
    NO.   NAME         VALUE      STEP SIZE      LIMITS
     1 SF_frac_l    1.00000e+00  1.00000e-01     no limits
     2 SF_frac_c    1.00000e+00  1.00000e-01     no limits
     3 SF_frac_b    1.00000e+00  1.00000e-01     no limits
     4 SFl_bin_0    1.00000e+00  1.00000e-01     no limits
     5 SFl_bin_1    1.00000e+00  1.00000e-01     no limits
 **********
 **    1 **MIGRAD
 **********
 FIRST CALL TO USER FUNCTION AT NEW START POINT, WITH IFLAG=4.
 START MIGRAD MINIMIZATION.  STRATEGY  1.  CONVERGENCE WHEN EDM .LT. 1.00e-04
 FCN=-2.90216e+08 FROM MIGRAD    STATUS=INITIATE       24 CALLS          25 TOTAL
                     EDM= unknown      STRATEGY= 1      NO ERROR MATRIX       
  EXT PARAMETER               CURRENT GUESS       STEP         FIRST   
  NO.   NAME      VALUE            ERROR          SIZE      DERIVATIVE 
   1  SF_frac_l    1.00000e+00   1.00000e-01   1.00000e-01   1.68877e+05
   2  SF_frac_c    1.00000e+00   1.00000e-01   1.00000e-01  -5.66217e+04
   3  SF_frac_b    1.00000e+00   1.00000e-01   1.00000e-01  -7.98227e+04
   4  SFl_bin_0    1.00000e+00   1.00000e-01   1.00000e-01   6.13736e+05
   5  SFl_bin_1    1.00000e+00   1.00000e-01   1.00000e-01  -3.75922e+04
 MIGRAD FAILS TO FIND IMPROVEMENT
 MACHINE ACCURACY LIMITS FURTHER IMPROVEMENT.
 MIGRAD MINIMIZATION HAS CONVERGED.
 MIGRAD WILL VERIFY CONVERGENCE AND ERROR MATRIX.
 COVARIANCE MATRIX CALCULATED SUCCESSFULLY
 FCN=-2.9027e+08 FROM HESSE     STATUS=OK             41 CALLS         172 TOTAL
                     EDM=0.0013383    STRATEGY= 1      ERROR MATRIX ACCURATE 
  EXT PARAMETER                                   STEP         FIRST   
  NO.   NAME      VALUE            ERROR          SIZE      DERIVATIVE 
   1  SF_frac_l    9.95604e-01   1.77309e-03   2.99278e-03   7.72463e+01
   2  SF_frac_c    1.67134e+00   1.29385e-02   3.09850e-02   1.02633e+01
   3  SF_frac_b    1.16029e+00   6.08696e-03   3.23214e-02   1.17472e+01
   4  SFl_bin_0    9.01419e-01   1.15953e-03   3.75694e-03   2.67958e+01
   5  SFl_bin_1    9.66903e-01   1.27481e-03   5.75349e-03   6.46279e+01
 EIGENVALUES OF SECOND-DERIVATIVE MATRIX:
        -6.6481e-03  6.6501e-02  2.3063e-01  3.3789e-01  4.3716e+00
 MINUIT WARNING IN MIGRAD  
 ============== MATRIX FORCED POS-DEF BY ADDING 0.011020 TO DIAGONAL.
 MIGRAD FAILS TO FIND IMPROVEMENT
 MACHINE ACCURACY LIMITS FURTHER IMPROVEMENT.
 MIGRAD MINIMIZATION HAS CONVERGED.
 MIGRAD WILL VERIFY CONVERGENCE AND ERROR MATRIX.
 COVARIANCE MATRIX CALCULATED SUCCESSFULLY
 FCN=-2.9027e+08 FROM MIGRAD    STATUS=CONVERGED     246 CALLS         247 TOTAL
                     EDM=1.05069e-06    STRATEGY= 1      ERROR MATRIX ACCURATE 
  EXT PARAMETER                                   STEP         FIRST   
  NO.   NAME      VALUE            ERROR          SIZE      DERIVATIVE 
   1  SF_frac_l    9.95637e-01   1.77294e-03   2.99284e-03  -5.22042e-01
   2  SF_frac_c    1.67116e+00   1.29377e-02   3.09856e-02   8.08644e-02
   3  SF_frac_b    1.16025e+00   6.08670e-03   3.23177e-02   6.65113e-02
   4  SFl_bin_0    9.01397e-01   1.15938e-03   3.75705e-03  -1.86609e-01
   5  SFl_bin_1    9.66868e-01   1.27462e-03   5.75381e-03  -7.05718e-02
 EXTERNAL ERROR MATRIX.    NDIM=  25    NPAR=  5    ERR DEF=1
  3.143e-06 -2.031e-05  5.529e-06 -1.820e-06 -1.791e-06 
 -2.031e-05  1.674e-04 -5.665e-05  1.000e-05  9.447e-06 
  5.529e-06 -5.665e-05  3.705e-05 -2.289e-06 -2.112e-06 
 -1.820e-06  1.000e-05 -2.289e-06  1.344e-06  1.141e-06 
 -1.791e-06  9.447e-06 -2.112e-06  1.141e-06  1.625e-06 
 PARAMETER  CORRELATION COEFFICIENTS  
       NO.  GLOBAL      1      2      3      4      5
        1  0.97920   1.000 -0.885  0.512 -0.886 -0.792
        2  0.95766  -0.885  1.000 -0.719  0.667  0.573
        3  0.76985   0.512 -0.719  1.000 -0.324 -0.272
        4  0.92101  -0.886  0.667 -0.324  1.000  0.772
        5  0.83997  -0.792  0.573 -0.272  0.772  1.000
0: 0.995637
1: 1.67116
2: 1.16025
 PARAMETER DEFINITIONS:
    NO.   NAME         VALUE      STEP SIZE      LIMITS
     1 SF_frac_l    1.00000e+00  1.00000e-01     no limits
     2 SF_frac_c    1.00000e+00  1.00000e-01     no limits
     3 SF_frac_b    1.00000e+00  1.00000e-01     no limits
     4 SFl_bin_0    1.00000e+00  1.00000e-01     no limits
     5 SFl_bin_1    1.00000e+00  1.00000e-01     no limits
 **********
 **    1 **MIGRAD
 **********
 FIRST CALL TO USER FUNCTION AT NEW START POINT, WITH IFLAG=4.
 START MIGRAD MINIMIZATION.  STRATEGY  1.  CONVERGENCE WHEN EDM .LT. 1.00e-04
 FCN=-2.90177e+08 FROM MIGRAD    STATUS=INITIATE       22 CALLS          23 TOTAL
                     EDM= unknown      STRATEGY= 1      NO ERROR MATRIX       
  EXT PARAMETER               CURRENT GUESS       STEP         FIRST   
  NO.   NAME      VALUE            ERROR          SIZE      DERIVATIVE 
   1  SF_frac_l    1.00000e+00   1.00000e-01   1.00000e-01   1.58822e+05
   2  SF_frac_c    1.00000e+00   1.00000e-01   1.00000e-01  -6.81248e+04
   3  SF_frac_b    1.00000e+00   1.00000e-01   1.00000e-01  -7.97139e+04
   4  SFl_bin_0    1.00000e+00   1.00000e-01   1.00000e-01  -4.84509e+04
   5  SFl_bin_1    1.00000e+00   1.00000e-01   1.00000e-01   2.81123e+05
 MIGRAD MINIMIZATION HAS CONVERGED.
 FCN=-2.9023e+08 FROM MIGRAD    STATUS=CONVERGED     146 CALLS         147 TOTAL
                     EDM=7.3629e-06    STRATEGY= 1  ERROR MATRIX UNCERTAINTY   1.2 per cent
  EXT PARAMETER                                   STEP         FIRST   
  NO.   NAME      VALUE            ERROR          SIZE      DERIVATIVE 
   1  SF_frac_l    9.28561e-01   6.66970e-04   4.33662e-08   2.54371e-02
   2  SF_frac_c    1.89554e+00   8.21710e-03   6.72906e-07  -3.12863e-01
   3  SF_frac_b    1.10332e+00   6.36580e-03   1.62186e-07  -2.83654e-01
   4  SFl_bin_0    1.18193e+00   3.02577e-03   9.22364e-07  -6.65725e-01
   5  SFl_bin_1    9.25032e-01   9.84998e-04  -7.63483e-07   5.10055e+00
 EXTERNAL ERROR MATRIX.    NDIM=  25    NPAR=  5    ERR DEF=1
  4.448e-07 -4.417e-06  2.013e-06 -3.273e-07 -2.581e-07 
 -4.417e-06  6.752e-05 -3.836e-05  2.391e-06  1.652e-06 
  2.013e-06 -3.836e-05  4.052e-05 -1.724e-06 -5.476e-07 
 -3.273e-07  2.391e-06 -1.724e-06  9.155e-06  2.090e-07 
 -2.581e-07  1.652e-06 -5.476e-07  2.090e-07  9.702e-07 
 PARAMETER  CORRELATION COEFFICIENTS  
       NO.  GLOBAL      1      2      3      4      5
        1  0.85601   1.000 -0.806  0.474 -0.162 -0.393
        2  0.90318  -0.806  1.000 -0.733  0.096  0.204
        3  0.76108   0.474 -0.733  1.000 -0.090 -0.087
        4  0.18717  -0.162  0.096 -0.090  1.000  0.070
        5  0.43697  -0.393  0.204 -0.087  0.070  1.000
0: 0.928561
1: 1.89554
2: 1.10332
